Star 2.0 red 1.98892e+30 1168308.803482309 81696.03351785608 0.7890416552750747 0.07957314303015625 

Planet 2.0 orange 3.302e+23 -43032878667.97755 38826302756.859985 -32113.01111338018 -35506.65693455478 

Planet 5.0 blue 4.869e+24 63598111983.38709 87541684469.88206 -28338.878822327813 20585.26210107877 

Planet 5.0 green 5.974e+24 125145729660.86649 81887281628.37025 -16324.687578255514 24895.305590448876 

Planet 3.0 red 6.419e+23 217194662297.74005 69159300362.92194 -7321.522550621713 22992.68928320088 

Planet 20.0 yellow 1.899e+27 777481708684.2208 38044709439.88773 -637.4354793869181 13054.41076451947 

Planet 15.0 white 5.685e+26 1429123282317.6868 28157238588.313316 -190.04690849719162 9668.143848097574 

